285.105011 199.244995 0.000000
291.105011 199.244995 0.000000
297.105011 199.244995 0.000000
303.105011 199.244995 0.000000
309.105011 199.244995 0.000000
315.105011 199.244995 0.000000
285.105011 205.244995 0.000000
291.105011 205.244995 0.000000
297.105011 205.244995 0.000000
303.105011 205.244995 0.000000
309.105011 205.244995 0.000000
315.105011 205.244995 0.000000
285.105011 211.244995 0.000000
291.105011 211.244995 0.000000
297.105011 211.244995 0.000000
303.105011 211.244995 0.000000
309.105011 211.244995 0.000000
315.105011 211.244995 0.000000
285.105011 217.244995 0.000000
291.105011 217.244995 0.000000
297.105011 217.244995 0.000000
303.105011 217.244995 0.000000
309.105011 217.244995 0.000000
315.105011 217.244995 0.000000
243.104996 199.244995 0.000000
261.105011 199.244995 0.000000
339.105011 199.244995 0.000000
357.105011 199.244995 0.000000
339.105011 217.244995 0.000000
357.105011 217.244995 0.000000
356.894989 274.244995 0.000000
356.894989 280.244995 0.000000
356.894989 286.244995 0.000000
356.894989 292.244995 0.000000
356.894989 298.244995 0.000000
356.894989 304.244995 0.000000
350.894989 274.244995 0.000000
350.894989 280.244995 0.000000
350.894989 286.244995 0.000000
350.894989 292.244995 0.000000
350.894989 298.244995 0.000000
350.894989 304.244995 0.000000
344.894989 274.244995 0.000000
344.894989 280.244995 0.000000
344.894989 286.244995 0.000000
344.894989 292.244995 0.000000
344.894989 298.244995 0.000000
344.894989 304.244995 0.000000
338.894989 274.244995 0.000000
338.894989 280.244995 0.000000
338.894989 286.244995 0.000000
338.894989 292.244995 0.000000
338.894989 298.244995 0.000000
338.894989 304.244995 0.000000
357.105011 199.244995 0.000000
357.105011 217.244995 0.000000
339.105011 199.244995 0.000000
339.105011 217.244995 0.000000
357.105011 382.755005 0.000000
357.105011 400.755005 0.000000
339.105011 382.755005 0.000000
339.105011 400.755005 0.000000
357.105011 232.244995 0.000000
357.105011 250.244995 0.000000
339.105011 232.244995 0.000000
339.105011 250.244995 0.000000
357.105011 328.244995 0.000000
357.105011 346.244995 0.000000
339.105011 328.244995 0.000000
339.105011 346.244995 0.000000
315.105011 400.755005 0.000000
309.105011 400.755005 0.000000
303.105011 400.755005 0.000000
297.105011 400.755005 0.000000
291.105011 400.755005 0.000000
285.105011 400.755005 0.000000
315.105011 394.755005 0.000000
309.105011 394.755005 0.000000
303.105011 394.755005 0.000000
297.105011 394.755005 0.000000
291.105011 394.755005 0.000000
285.105011 394.755005 0.000000
315.105011 388.755005 0.000000
309.105011 388.755005 0.000000
303.105011 388.755005 0.000000
297.105011 388.755005 0.000000
291.105011 388.755005 0.000000
285.105011 388.755005 0.000000
315.105011 382.755005 0.000000
309.105011 382.755005 0.000000
303.105011 382.755005 0.000000
297.105011 382.755005 0.000000
291.105011 382.755005 0.000000
285.105011 382.755005 0.000000
357.105011 400.755005 0.000000
339.105011 400.755005 0.000000
261.105011 400.755005 0.000000
243.104996 400.755005 0.000000
261.105011 382.755005 0.000000
243.104996 382.755005 0.000000
243.104996 304.244995 0.000000
243.104996 298.244995 0.000000
243.104996 292.244995 0.000000
243.104996 286.244995 0.000000
243.104996 280.244995 0.000000
243.104996 274.244995 0.000000
249.104996 304.244995 0.000000
249.104996 298.244995 0.000000
249.104996 292.244995 0.000000
249.104996 286.244995 0.000000
249.104996 280.244995 0.000000
249.104996 274.244995 0.000000
255.104996 304.244995 0.000000
255.104996 298.244995 0.000000
255.104996 292.244995 0.000000
255.104996 286.244995 0.000000
255.104996 280.244995 0.000000
255.104996 274.244995 0.000000
261.105011 304.244995 0.000000
261.105011 298.244995 0.000000
261.105011 292.244995 0.000000
261.105011 286.244995 0.000000
261.105011 280.244995 0.000000
261.105011 274.244995 0.000000
243.104996 400.755005 0.000000
243.104996 382.755005 0.000000
261.105011 400.755005 0.000000
261.105011 382.755005 0.000000
243.104996 217.244995 0.000000
243.104996 199.244995 0.000000
261.105011 217.244995 0.000000
261.105011 199.244995 0.000000
243.104996 346.244995 0.000000
243.104996 328.244995 0.000000
261.105011 346.244995 0.000000
261.105011 328.244995 0.000000
243.104996 250.244995 0.000000
243.104996 232.244995 0.000000
261.105011 250.244995 0.000000
261.105011 232.244995 0.000000
